-> With 100 max episodes (and_sample_data_action_567 and sample_data)
	
	# Baseline:

		>sample_data_action_567
		id,reward,len,success
		19,-10.225,6.1,0.125
		39,-8.4,8.025,0.25
		59,-7.925,6.8,0.225
		79,-7.525,7.15,0.25
		99,-7.3,6.7,0.25
		
		>sample_data
		id,reward,len,success
		19,-9.8,5.75,0.15
		39,-10.7,7.025,0.125
		59,-7.5,6.15,0.225
		79,-7.55,7.1,0.225
		99,-10.25,8.075,0.175
	
	# With impolite action penalty (2.5)

		>sample_data_action_567
		id,reward,len,success
		19,-13.65,6.675,0.125
		39,-14.475,6.3,0.1
		59,-7.0375,6.1,0.35
		79,-6.9875,6.575,0.375
		99,-9.2,6.425,0.275
		
		>sample_data
		id,reward,len,success
		19,-9.05,5.75,0.25
		39,-11.8375,5.425,0.15
		59,-10.8625,7.075,0.275
		79,-13.2875,6.95,0.175
		99,-10.4875,5.425,0.175

	# With impolite action penalty (5)

		>sample_data_action_567
		id,reward,len,success
		19,-31.675,7.45,0.025
		39,-19.225,7.4,0.25
		59,-20.3,6.9,0.125
		79,-17.9,6.2,0.1
		99,-16.325,7.175,0.2
		
		>sample_data
		id,reward,len,success
		19,-10.25,6.175,0.375
		39,-5.475,4.775,0.475
		59,-8.3,6.05,0.425
		79,-6.875,6.0,0.475
		99,-10.575,6.0,0.375


	# With imp_penalty and rep_penalty (5, 2.5)

		>sample_data_action_567 (2.5, 2.5)
		id,reward,len,success
		19,-20.425,7.525,0.125
		39,-18.2,6.575,0.125
		59,-17.2,6.175,0.125
		79,-17.9,7.55,0.2
		99,-19.725,7.725,0.15
		
		>sample_data
		id,reward,len,success
		19,-18.9375,6.525,0.175
		39,-15.5,7.05,0.35
		59,-11.975,6.05,0.4
		79,-14.1125,4.15,0.15
		99,-15.175,6.65,0.325	


	# With sampling

		>sample_data_action_567
			id,reward,len,success
			19,-0.6,6.225,0.15
			39,0.8625,6.625,0.125
			59,3.9,7.45,0.2
			79,1.0625,6.775,0.075
			99,6.3,6.9,0.2

		>sample_data
			id,reward,len,success
			19,-5.025,7.45,0.25
			39,-0.3875,7.9,0.3
			59,1.9625,7.025,0.275
			79,2.1,7.875,0.15
			99,8.0125,7.775,0.25


	# With sampling and imp_penalty (2.5)

		>sample_data_action_567
			id,reward,len,success
			19,-6.8125,5.125,0.075
			39,-6.5,5.325,0.075
			59,-0.9375,5.975,0.15
			79,6.125,8.4,0.175
			99,3.0625,7.3,0.125

		>sample_data
			id,reward,len,success
			19,0.3125,5.1,0.325
			39,4.3125,6.75,0.3
			59,0.875,5.925,0.175
			79,5.5625,6.7,0.3
			99,-2.75,5.45,0.125


	# With sampling imp_penalty and rep_penalty (2.5, 2.5)
		id,reward,len,success
		19,-12.3125,7.1,0.225
		39,-11.3125,6.1,0.225
		59,-13.8125,6.675,0.2
		79,-12.0625,5.45,0.175
		99,-9.1875,5.425,0.225

	# With sampling and rep_penalty (2.5, 2.5)
		id,reward,len,success
		19,-13.9625,6.3,0.125
		39,-11.3625,6.075,0.225
		59,-14.0625,6.9,0.15
		79,-16.825,7.925,0.125
		99,-13.6875,7.575,0.225


